<TICKER>;<PER>;<DATE>;<TIME>;<OPEN>;<HIGH>;<LOW>;<CLOSE>;<VOL>
USD000000TOD;15;20161201;101500;63.8200000;63.8350000;63.4975000;63.5550000;171556000
USD000000TOD;15;20161201;103000;63.5575000;63.6725000;63.4825000;63.6675000;132495000
USD000000TOD;15;20161201;104500;63.6725000;63.7475000;63.6175000;63.6550000;59327000
USD000000TOD;15;20161201;110000;63.6550000;63.7975000;63.6400000;63.7650000;66892000
USD000000TOD;15;20161201;111500;63.7700000;63.8425000;63.7275000;63.8200000;104204000
USD000000TOD;15;20161201;113000;63.8200000;63.8875000;63.7850000;63.8800000;70830000
USD000000TOD;15;20161201;114500;63.8850000;63.9800000;63.8825000;63.8925000;79498000
USD000000TOD;15;20161201;120000;63.9000000;63.9275000;63.8475000;63.9250000;49281000
USD000000TOD;15;20161201;121500;63.9150000;64.0200000;63.8825000;63.9550000;73497000
USD000000TOD;15;20161201;123000;63.9575000;63.9975000;63.9125000;63.9675000;31032000
USD000000TOD;15;20161201;124500;63.9800000;64.1800000;63.9525000;64.1400000;80094000
USD000000TOD;15;20161201;130000;64.1425000;64.1750000;64.0075000;64.0250000;62875000
USD000000TOD;15;20161201;131500;64.0250000;64.0850000;63.9800000;64.0150000;33580000
USD000000TOD;15;20161201;133000;64.0225000;64.0225000;63.8800000;63.9250000;30384000
USD000000TOD;15;20161201;134500;63.9350000;64.0700000;63.9350000;64.0575000;33182000
USD000000TOD;15;20161201;140000;64.0650000;64.0700000;63.9600000;64.0075000;26600000
USD000000TOD;15;20161201;141500;64.0125000;64.0125000;63.8250000;63.8575000;55867000
USD000000TOD;15;20161201;143000;63.8575000;64.0425000;63.8100000;64.0400000;36435000
USD000000TOD;15;20161201;144500;64.0500000;64.0600000;63.9075000;63.9600000;16727000
USD000000TOD;15;20161201;150000;63.9550000;64.0625000;63.9125000;63.9475000;31444000
USD000000TOD;15;20161201;151500;63.9500000;63.9500000;63.8225000;63.8500000;34350000
USD000000TOD;15;20161201;153000;63.8450000;63.8550000;63.7750000;63.8075000;40944000
USD000000TOD;15;20161201;154500;63.8200000;63.8700000;63.7600000;63.8250000;37949000
USD000000TOD;15;20161201;160000;63.8150000;63.8825000;63.7250000;63.8650000;36802000
USD000000TOD;15;20161201;161500;63.8675000;63.8775000;63.7125000;63.7675000;23102000
USD000000TOD;15;20161201;163000;63.7500000;63.8275000;63.7000000;63.8275000;19336000
USD000000TOD;15;20161201;164500;63.8100000;63.8250000;63.7175000;63.7750000;15543000
USD000000TOD;15;20161201;170000;63.7750000;63.7775000;63.6500000;63.7150000;32460000
USD000000TOD;15;20161201;171500;63.7025000;63.7175000;63.6100000;63.6700000;33119000
USD000000TOD;15;20161202;101500;63.8025000;64.1075000;63.7750000;64.0600000;106152000
USD000000TOD;15;20161202;103000;64.0600000;64.1725000;64.0350000;64.1450000;121171000
USD000000TOD;15;20161202;104500;64.1400000;64.2100000;64.1350000;64.2025000;132560000
USD000000TOD;15;20161202;110000;64.2000000;64.2825000;64.1750000;64.2300000;107146000
USD000000TOD;15;20161202;111500;64.2475000;64.2650000;64.1225000;64.1475000;101718000
USD000000TOD;15;20161202;113000;64.1450000;64.1500000;64.0225000;64.0550000;46549000
USD000000TOD;15;20161202;114500;64.0550000;64.1500000;64.0550000;64.1475000;56598000
USD000000TOD;15;20161202;120000;64.1475000;64.1675000;64.0900000;64.1200000;38733000
USD000000TOD;15;20161202;121500;64.1200000;64.1700000;64.0875000;64.1500000;26987000
USD000000TOD;15;20161202;123000;64.1575000;64.2100000;64.1425000;64.2000000;30445000
USD000000TOD;15;20161202;124500;64.2000000;64.2100000;64.1400000;64.1825000;31371000
USD000000TOD;15;20161202;130000;64.1825000;64.2050000;64.1575000;64.2000000;22394000
USD000000TOD;15;20161202;131500;64.2025000;64.2125000;64.1750000;64.2050000;21906000
USD000000TOD;15;20161202;133000;64.2000000;64.2125000;64.1500000;64.2000000;31831000
USD000000TOD;15;20161202;134500;64.1950000;64.2450000;64.1800000;64.2300000;25668000
USD000000TOD;15;20161202;140000;64.2375000;64.2500000;64.2100000;64.2450000;40153000
USD000000TOD;15;20161202;141500;64.2400000;64.3000000;64.2250000;64.2600000;103060000
USD000000TOD;15;20161202;143000;64.2600000;64.2850000;64.2450000;64.2775000;23940000
USD000000TOD;15;20161202;144500;64.2775000;64.3050000;64.2000000;64.2400000;51131000
USD000000TOD;15;20161202;150000;64.2375000;64.2950000;64.2250000;64.2550000;21624000
USD000000TOD;15;20161202;151500;64.2500000;64.2675000;64.1900000;64.1925000;15619000
USD000000TOD;15;20161202;153000;64.1900000;64.2100000;64.1375000;64.1650000;13490000
USD000000TOD;15;20161202;154500;64.1650000;64.2500000;64.1400000;64.1450000;34827000
USD000000TOD;15;20161202;160000;64.1425000;64.1850000;64.1400000;64.1600000;17317000
USD000000TOD;15;20161202;161500;64.1650000;64.1650000;64.0700000;64.0875000;35153000
USD000000TOD;15;20161202;163000;64.0925000;64.1850000;64.0700000;64.1775000;16605000
USD000000TOD;15;20161202;164500;64.1600000;64.2000000;63.9675000;64.0475000;72371000
USD000000TOD;15;20161202;170000;64.0450000;64.0900000;64.0250000;64.0500000;29632000
USD000000TOD;15;20161202;171500;64.0475000;64.0475000;63.9500000;63.9500000;59378000
USD000000TOD;15;20161205;101500;63.9950000;64.0900000;63.9300000;63.9675000;57935000
USD000000TOD;15;20161205;103000;63.9625000;63.9850000;63.8900000;63.9100000;38338000
USD000000TOD;15;20161205;104500;63.9050000;63.9475000;63.8475000;63.9200000;62074000
USD000000TOD;15;20161205;110000;63.9300000;64.0000000;63.9125000;63.9925000;50096000
USD000000TOD;15;20161205;111500;63.9975000;63.9975000;63.8500000;63.8525000;54890000
USD000000TOD;15;20161205;113000;63.8425000;63.8975000;63.6900000;63.7225000;74894000
USD000000TOD;15;20161205;114500;63.7100000;63.8275000;63.6975000;63.7725000;54722000
USD000000TOD;15;20161205;120000;63.7725000;63.8500000;63.7550000;63.8125000;47552000
USD000000TOD;15;20161205;121500;63.8150000;63.8225000;63.7675000;63.8200000;22880000
USD000000TOD;15;20161205;123000;63.8100000;63.8225000;63.7175000;63.7300000;34488000
USD000000TOD;15;20161205;124500;63.7300000;63.7350000;63.6300000;63.6600000;52739000
USD000000TOD;15;20161205;130000;63.6575000;63.7800000;63.6575000;63.7775000;41083000
USD000000TOD;15;20161205;131500;63.7700000;63.7900000;63.7125000;63.7450000;20682000
USD000000TOD;15;20161205;133000;63.7525000;63.7750000;63.7250000;63.7350000;14175000
USD000000TOD;15;20161205;134500;63.7300000;63.7525000;63.7100000;63.7150000;22056000
USD000000TOD;15;20161205;140000;63.7150000;63.7400000;63.6825000;63.7275000;22471000
USD000000TOD;15;20161205;141500;63.7300000;63.7400000;63.6900000;63.7100000;32377000
USD000000TOD;15;20161205;143000;63.7075000;63.7325000;63.6500000;63.6800000;17170000
USD000000TOD;15;20161205;144500;63.6800000;63.6850000;63.5425000;63.5900000;33883000
USD000000TOD;15;20161205;150000;63.5875000;63.6075000;63.5425000;63.5675000;47539000
USD000000TOD;15;20161205;151500;63.5675000;63.6000000;63.5175000;63.5700000;19966000
USD000000TOD;15;20161205;153000;63.5800000;63.6675000;63.5700000;63.6525000;31111000
USD000000TOD;15;20161205;154500;63.6475000;63.7100000;63.6475000;63.7000000;22524000
USD000000TOD;15;20161205;160000;63.7000000;63.7075000;63.6400000;63.6825000;12934000
USD000000TOD;15;20161205;161500;63.6800000;63.6850000;63.6150000;63.6300000;11547000
USD000000TOD;15;20161205;163000;63.6225000;63.6575000;63.6200000;63.6425000;25641000
USD000000TOD;15;20161205;164500;63.6450000;63.7350000;63.6450000;63.7075000;25693000
USD000000TOD;15;20161205;170000;63.7100000;63.7100000;63.6275000;63.6850000;14453000
USD000000TOD;15;20161205;171500;63.6775000;63.6975000;63.6100000;63.6175000;15013000
USD000000TOD;15;20161206;101500;63.8100000;63.9600000;63.7825000;63.9300000;78326000
USD000000TOD;15;20161206;103000;63.9300000;63.9600000;63.8325000;63.8350000;47896000
USD000000TOD;15;20161206;104500;63.8350000;63.8525000;63.7525000;63.7975000;63380000
USD000000TOD;15;20161206;110000;63.7950000;63.8300000;63.7625000;63.7950000;18948000
USD000000TOD;15;20161206;111500;63.7950000;63.8250000;63.7650000;63.8175000;32835000
USD000000TOD;15;20161206;113000;63.8050000;63.9100000;63.8000000;63.8775000;41338000
USD000000TOD;15;20161206;114500;63.8850000;63.8875000;63.8400000;63.8400000;31911000
USD000000TOD;15;20161206;120000;63.8475000;63.8700000;63.8250000;63.8275000;30559000
USD000000TOD;15;20161206;121500;63.8225000;63.8225000;63.7650000;63.7900000;58460000
USD000000TOD;15;20161206;123000;63.7900000;63.8150000;63.7750000;63.8075000;26503000
USD000000TOD;15;20161206;124500;63.8075000;63.8450000;63.7975000;63.8125000;24210000
USD000000TOD;15;20161206;130000;63.8100000;63.8150000;63.7000000;63.7775000;76005000
USD000000TOD;15;20161206;131500;63.7775000;63.7825000;63.7275000;63.7575000;9334000
USD000000TOD;15;20161206;133000;63.7575000;63.7950000;63.7425000;63.7675000;34654000
USD000000TOD;15;20161206;134500;63.7675000;63.8150000;63.7300000;63.7800000;34511000
USD000000TOD;15;20161206;140000;63.7700000;63.8625000;63.7675000;63.8325000;17019000
USD000000TOD;15;20161206;141500;63.8450000;63.8475000;63.7850000;63.8000000;15425000
USD000000TOD;15;20161206;143000;63.8025000;63.8125000;63.7725000;63.7900000;8927000
USD000000TOD;15;20161206;144500;63.7825000;63.8575000;63.7800000;63.8525000;17558000
USD000000TOD;15;20161206;150000;63.8575000;63.8700000;63.7675000;63.7750000;16496000
USD000000TOD;15;20161206;151500;63.7800000;63.8375000;63.7800000;63.8150000;9267000
USD000000TOD;15;20161206;153000;63.8125000;63.8375000;63.7500000;63.8250000;7680000
USD000000TOD;15;20161206;154500;63.8200000;63.8425000;63.7725000;63.7950000;8693000
USD000000TOD;15;20161206;160000;63.8050000;63.8050000;63.7075000;63.7575000;21810000
USD000000TOD;15;20161206;161500;63.7500000;63.8200000;63.7300000;63.7375000;26249000
USD000000TOD;15;20161206;163000;63.7325000;63.7625000;63.6375000;63.7575000;42361000
USD000000TOD;15;20161206;164500;63.7600000;63.7650000;63.6825000;63.7100000;33645000
USD000000TOD;15;20161206;170000;63.7075000;63.8300000;63.6700000;63.8125000;22405000
USD000000TOD;15;20161206;171500;63.8100000;63.8550000;63.7475000;63.7550000;18068000
USD000000TOD;15;20161207;101500;63.9000000;63.9725000;63.8175000;63.9575000;72988000
USD000000TOD;15;20161207;103000;63.9550000;63.9725000;63.9200000;63.9250000;30820000
USD000000TOD;15;20161207;104500;63.9400000;63.9575000;63.8300000;63.8750000;52447000
USD000000TOD;15;20161207;110000;63.8725000;63.8925000;63.8525000;63.8850000;16042000
USD000000TOD;15;20161207;111500;63.8950000;63.9000000;63.8525000;63.8825000;33657000
USD000000TOD;15;20161207;113000;63.8850000;63.9275000;63.8800000;63.9100000;20957000
USD000000TOD;15;20161207;114500;63.9125000;63.9200000;63.7825000;63.8175000;45077000
USD000000TOD;15;20161207;120000;63.8100000;63.8325000;63.7900000;63.8100000;30604000
USD000000TOD;15;20161207;121500;63.8100000;63.8300000;63.7900000;63.8100000;22847000
USD000000TOD;15;20161207;123000;63.8050000;63.8075000;63.7000000;63.7575000;69730000
USD000000TOD;15;20161207;124500;63.7500000;63.7525000;63.6750000;63.6975000;38561000
USD000000TOD;15;20161207;130000;63.6900000;63.7400000;63.6825000;63.7375000;14631000
USD000000TOD;15;20161207;131500;63.7350000;63.7350000;63.6225000;63.6300000;32047000
USD000000TOD;15;20161207;133000;63.6275000;63.6675000;63.5575000;63.6200000;39534000
USD000000TOD;15;20161207;134500;63.6150000;63.6375000;63.5825000;63.6200000;34129000
USD000000TOD;15;20161207;140000;63.6225000;63.6625000;63.6100000;63.6425000;28263000
USD000000TOD;15;20161207;141500;63.6375000;63.6750000;63.6350000;63.6350000;36713000
USD000000TOD;15;20161207;143000;63.6475000;63.6650000;63.6150000;63.6225000;10884000
USD000000TOD;15;20161207;144500;63.6225000;63.6825000;63.6200000;63.6825000;17133000
USD000000TOD;15;20161207;150000;63.6875000;63.6900000;63.6425000;63.6700000;13981000
USD000000TOD;15;20161207;151500;63.6675000;63.7300000;63.6525000;63.7200000;12597000
USD000000TOD;15;20161207;153000;63.7150000;63.7450000;63.6950000;63.7175000;17662000
USD000000TOD;15;20161207;154500;63.7075000;63.7250000;63.6825000;63.7200000;10621000
USD000000TOD;15;20161207;160000;63.7225000;63.7225000;63.6700000;63.6950000;8396000
USD000000TOD;15;20161207;161500;63.6950000;63.7375000;63.6825000;63.7175000;16822000
USD000000TOD;15;20161207;163000;63.7250000;63.8125000;63.6975000;63.7500000;17608000
USD000000TOD;15;20161207;164500;63.7500000;63.7800000;63.7250000;63.7475000;21434000
USD000000TOD;15;20161207;170000;63.7475000;63.7600000;63.6850000;63.7575000;17807000
USD000000TOD;15;20161207;171500;63.7550000;63.7550000;63.6575000;63.6600000;9505000
USD000000TOD;15;20161208;101500;63.3700000;63.4475000;63.2575000;63.4400000;167485000
USD000000TOD;15;20161208;103000;63.4400000;63.4700000;63.3500000;63.3600000;73724000
USD000000TOD;15;20161208;104500;63.3600000;63.4175000;63.3300000;63.3525000;45871000
USD000000TOD;15;20161208;110000;63.3450000;63.4275000;63.3400000;63.4150000;40398000
USD000000TOD;15;20161208;111500;63.4175000;63.4400000;63.3725000;63.4075000;37486000
USD000000TOD;15;20161208;113000;63.4025000;63.4150000;63.3750000;63.3825000;18282000
USD000000TOD;15;20161208;114500;63.3850000;63.4425000;63.3775000;63.4050000;23372000
USD000000TOD;15;20161208;120000;63.4025000;63.4250000;63.3500000;63.3600000;51593000
USD000000TOD;15;20161208;121500;63.3575000;63.3650000;63.3075000;63.3325000;28526000
USD000000TOD;15;20161208;123000;63.3500000;63.3550000;63.3075000;63.3400000;26214000
USD000000TOD;15;20161208;124500;63.3400000;63.3700000;63.3300000;63.3700000;12861000
USD000000TOD;15;20161208;130000;63.3700000;63.3775000;63.3200000;63.3625000;32821000
USD000000TOD;15;20161208;131500;63.3525000;63.4025000;63.3525000;63.3900000;23694000
USD000000TOD;15;20161208;133000;63.3900000;63.3975000;63.3675000;63.3900000;11239000
USD000000TOD;15;20161208;134500;63.3900000;63.3975000;63.3200000;63.3450000;21618000
USD000000TOD;15;20161208;140000;63.3400000;63.3400000;63.3100000;63.3325000;21043000
USD000000TOD;15;20161208;141500;63.3350000;63.3375000;63.2900000;63.3200000;18811000
USD000000TOD;15;20161208;143000;63.3250000;63.3375000;63.3000000;63.3025000;19347000
USD000000TOD;15;20161208;144500;63.3150000;63.3500000;63.2925000;63.3200000;9351000
USD000000TOD;15;20161208;150000;63.3100000;63.3700000;63.3050000;63.3175000;20036000
USD000000TOD;15;20161208;151500;63.3250000;63.3375000;63.3050000;63.3150000;8210000
USD000000TOD;15;20161208;153000;63.3200000;63.3200000;63.2900000;63.2950000;9524000
USD000000TOD;15;20161208;154500;63.2950000;63.3225000;63.2575000;63.2825000;23953000
USD000000TOD;15;20161208;160000;63.2825000;63.4400000;63.2325000;63.3700000;107356000
USD000000TOD;15;20161208;161500;63.3650000;63.3825000;63.2625000;63.3575000;33643000
USD000000TOD;15;20161208;163000;63.3625000;63.4250000;63.3150000;63.3225000;35392000
USD000000TOD;15;20161208;164500;63.3400000;63.4275000;63.3175000;63.4150000;37861000
USD000000TOD;15;20161208;170000;63.4225000;63.5225000;63.3950000;63.4150000;40050000
USD000000TOD;15;20161208;171500;63.4150000;63.4150000;63.3200000;63.3725000;10804000
USD000000TOD;15;20161209;101500;63.3025000;63.3300000;63.2075000;63.2725000;88397000
USD000000TOD;15;20161209;103000;63.2750000;63.2900000;63.2550000;63.2725000;45044000
USD000000TOD;15;20161209;104500;63.2675000;63.2800000;63.2400000;63.2450000;38696000
USD000000TOD;15;20161209;110000;63.2500000;63.3550000;63.2425000;63.3150000;105942000
USD000000TOD;15;20161209;111500;63.3175000;63.3200000;63.2475000;63.2675000;42603000
USD000000TOD;15;20161209;113000;63.2600000;63.2725000;63.1350000;63.1600000;80153000
USD000000TOD;15;20161209;114500;63.1575000;63.1650000;63.0025000;63.0425000;57559000
USD000000TOD;15;20161209;120000;63.0400000;63.0525000;62.9000000;62.9050000;46069000
USD000000TOD;15;20161209;121500;62.9000000;62.9600000;62.8625000;62.9500000;48256000
USD000000TOD;15;20161209;123000;62.9500000;62.9925000;62.8950000;62.9825000;51651000
USD000000TOD;15;20161209;124500;62.9750000;62.9850000;62.9425000;62.9650000;15252000
USD000000TOD;15;20161209;130000;62.9650000;63.0075000;62.9525000;62.9800000;31314000
USD000000TOD;15;20161209;131500;62.9800000;63.0250000;62.9575000;63.0250000;18897000
USD000000TOD;15;20161209;133000;63.0175000;63.0450000;63.0100000;63.0375000;59750000
USD000000TOD;15;20161209;134500;63.0350000;63.0475000;63.0025000;63.0475000;14524000
USD000000TOD;15;20161209;140000;63.0475000;63.0575000;62.9100000;62.9975000;51628000
USD000000TOD;15;20161209;141500;63.0000000;63.0100000;62.9550000;63.0100000;27405000
USD000000TOD;15;20161209;143000;63.0025000;63.0525000;63.0000000;63.0225000;17253000
USD000000TOD;15;20161209;144500;63.0250000;63.0350000;62.9550000;62.9775000;13156000
USD000000TOD;15;20161209;150000;62.9700000;63.0400000;62.9625000;63.0225000;10967000
USD000000TOD;15;20161209;151500;63.0275000;63.0950000;63.0100000;63.0775000;23676000
USD000000TOD;15;20161209;153000;63.0750000;63.1575000;63.0625000;63.1500000;22013000
USD000000TOD;15;20161209;154500;63.1500000;63.2000000;63.1300000;63.1450000;22952000
USD000000TOD;15;20161209;160000;63.1500000;63.2100000;63.1225000;63.1700000;18284000
USD000000TOD;15;20161209;161500;63.1825000;63.1875000;63.0750000;63.1150000;33432000
USD000000TOD;15;20161209;163000;63.1250000;63.1725000;63.0650000;63.0675000;16443000
USD000000TOD;15;20161209;164500;63.0700000;63.1300000;63.0525000;63.0600000;24156000
USD000000TOD;15;20161209;170000;63.0675000;63.0875000;63.0075000;63.0475000;9264000
USD000000TOD;15;20161209;171500;63.0400000;63.0400000;62.9600000;62.9600000;19425000
USD000000TOD;15;20161212;101500;62.0125000;62.0125000;61.4775000;61.5325000;177656000
USD000000TOD;15;20161212;103000;61.5400000;61.7200000;61.5300000;61.7050000;106428000
USD000000TOD;15;20161212;104500;61.7050000;61.7050000;61.5625000;61.5850000;72296000
USD000000TOD;15;20161212;110000;61.5950000;61.6400000;61.5500000;61.5950000;71534000
USD000000TOD;15;20161212;111500;61.5900000;61.5950000;61.4200000;61.4375000;102206000
USD000000TOD;15;20161212;113000;61.4400000;61.4475000;61.2000000;61.2200000;103696000
USD000000TOD;15;20161212;114500;61.2200000;61.2675000;61.1650000;61.2175000;80562000
USD000000TOD;15;20161212;120000;61.2275000;61.3500000;61.2200000;61.2975000;93788000
USD000000TOD;15;20161212;121500;61.2900000;61.3000000;61.0100000;61.0275000;113876000
USD000000TOD;15;20161212;123000;61.0225000;61.1475000;60.9400000;61.0975000;120454000
USD000000TOD;15;20161212;124500;61.0925000;61.1850000;61.0750000;61.1100000;88094000
USD000000TOD;15;20161212;130000;61.1125000;61.2675000;61.0625000;61.1400000;83019000
USD000000TOD;15;20161212;131500;61.1300000;61.2675000;61.1150000;61.1800000;58371000
USD000000TOD;15;20161212;133000;61.1850000;61.2100000;61.1150000;61.1225000;27814000
USD000000TOD;15;20161212;134500;61.1225000;61.1475000;60.9975000;61.0100000;52454000
USD000000TOD;15;20161212;140000;61.0125000;61.1025000;60.9700000;61.0950000;33696000
USD000000TOD;15;20161212;141500;61.0825000;61.1375000;61.0575000;61.0925000;14325000
USD000000TOD;15;20161212;143000;61.0875000;61.1525000;61.0825000;61.1250000;32639000
USD000000TOD;15;20161212;144500;61.1275000;61.1450000;61.0850000;61.1225000;19744000
USD000000TOD;15;20161212;150000;61.1225000;61.1350000;61.1000000;61.1225000;23383000
USD000000TOD;15;20161212;151500;61.1175000;61.1475000;61.1100000;61.1375000;17125000
USD000000TOD;15;20161212;153000;61.1400000;61.1575000;61.1350000;61.1450000;19833000
USD000000TOD;15;20161212;154500;61.1450000;61.1775000;61.1225000;61.1725000;21370000
USD000000TOD;15;20161212;160000;61.1650000;61.2200000;61.1650000;61.1950000;42443000
USD000000TOD;15;20161212;161500;61.1900000;61.2225000;61.1450000;61.2000000;26276000
USD000000TOD;15;20161212;163000;61.2025000;61.2125000;61.1075000;61.1400000;28071000
USD000000TOD;15;20161212;164500;61.1450000;61.3050000;61.1275000;61.2400000;32305000
USD000000TOD;15;20161212;170000;61.2375000;61.2900000;61.2225000;61.2800000;16537000
USD000000TOD;15;20161212;171500;61.2725000;61.3300000;61.1150000;61.1525000;18411000
USD000000TOD;15;20161213;101500;61.2175000;61.2500000;60.8675000;61.0125000;110333000
USD000000TOD;15;20161213;103000;61.0150000;61.1075000;60.9400000;60.9925000;80386000
USD000000TOD;15;20161213;104500;60.9950000;61.0400000;60.9700000;61.0400000;63315000
USD000000TOD;15;20161213;110000;61.0450000;61.1075000;61.0100000;61.1025000;101993000
USD000000TOD;15;20161213;111500;61.1025000;61.1825000;61.0675000;61.1575000;74647000
USD000000TOD;15;20161213;113000;61.1600000;61.2275000;61.1150000;61.1950000;44862000
USD000000TOD;15;20161213;114500;61.1950000;61.3150000;61.1850000;61.2800000;56884000
USD000000TOD;15;20161213;120000;61.2725000;61.2900000;61.2125000;61.2450000;35226000
USD000000TOD;15;20161213;121500;61.2375000;61.2575000;61.1075000;61.1300000;46157000
USD000000TOD;15;20161213;123000;61.1275000;61.1275000;60.9000000;60.9725000;117466000
USD000000TOD;15;20161213;124500;60.9750000;61.0675000;60.9425000;61.0100000;58651000
USD000000TOD;15;20161213;130000;61.0075000;61.0250000;60.9525000;61.0100000;51649000
USD000000TOD;15;20161213;131500;61.0150000;61.0500000;60.9900000;61.0375000;40436000
USD000000TOD;15;20161213;133000;61.0375000;61.0475000;60.9850000;61.0300000;35724000
USD000000TOD;15;20161213;134500;61.0325000;61.0500000;61.0025000;61.0025000;42414000
USD000000TOD;15;20161213;140000;61.0100000;61.0400000;61.0050000;61.0225000;39456000
USD000000TOD;15;20161213;141500;61.0150000;61.0300000;60.9625000;60.9975000;35755000
USD000000TOD;15;20161213;143000;61.0000000;61.0200000;60.9475000;60.9975000;37510000
USD000000TOD;15;20161213;144500;60.9950000;61.0100000;60.9375000;60.9475000;11970000
USD000000TOD;15;20161213;150000;60.9425000;60.9475000;60.8425000;60.8625000;42583000
USD000000TOD;15;20161213;151500;60.8675000;60.8750000;60.7100000;60.7225000;45636000
USD000000TOD;15;20161213;153000;60.7325000;60.7325000;60.6125000;60.6925000;56780000
USD000000TOD;15;20161213;154500;60.6975000;60.7625000;60.6775000;60.7500000;23572000
USD000000TOD;15;20161213;160000;60.7475000;60.8475000;60.7400000;60.8175000;31541000
USD000000TOD;15;20161213;161500;60.8100000;60.8625000;60.8000000;60.8500000;17198000
USD000000TOD;15;20161213;163000;60.8600000;60.9200000;60.8000000;60.8225000;37091000
USD000000TOD;15;20161213;164500;60.8200000;60.9775000;60.8025000;60.9125000;27951000
USD000000TOD;15;20161213;170000;60.9150000;60.9750000;60.8550000;60.9375000;25263000
USD000000TOD;15;20161213;171500;60.9250000;60.9500000;60.8900000;60.9100000;11784000
USD000000TOD;15;20161214;101500;60.8650000;60.8650000;60.7150000;60.8100000;105288000
USD000000TOD;15;20161214;103000;60.8150000;60.8500000;60.7350000;60.7625000;78774000
USD000000TOD;15;20161214;104500;60.7500000;60.8200000;60.7300000;60.8200000;38414000
USD000000TOD;15;20161214;110000;60.8225000;60.8250000;60.7850000;60.8250000;33884000
USD000000TOD;15;20161214;111500;60.8250000;60.8675000;60.7800000;60.7850000;69886000
USD000000TOD;15;20161214;113000;60.7850000;60.8350000;60.7650000;60.8025000;63437000
USD000000TOD;15;20161214;114500;60.8000000;60.8125000;60.7625000;60.8000000;61024000
USD000000TOD;15;20161214;120000;60.8000000;60.8025000;60.7400000;60.7825000;94258000
USD000000TOD;15;20161214;121500;60.7825000;60.8125000;60.7600000;60.7900000;39030000
USD000000TOD;15;20161214;123000;60.7925000;60.8100000;60.6875000;60.7150000;70966000
USD000000TOD;15;20161214;124500;60.7150000;60.7450000;60.7075000;60.7350000;48755000
USD000000TOD;15;20161214;130000;60.7350000;60.7925000;60.7225000;60.7850000;28780000
USD000000TOD;15;20161214;131500;60.7800000;60.8100000;60.7725000;60.7725000;48008000
USD000000TOD;15;20161214;133000;60.7800000;60.7900000;60.7725000;60.7800000;21754000
USD000000TOD;15;20161214;134500;60.7800000;60.7800000;60.7400000;60.7700000;18431000
USD000000TOD;15;20161214;140000;60.7700000;60.7775000;60.7300000;60.7525000;18064000
USD000000TOD;15;20161214;141500;60.7550000;60.8000000;60.7550000;60.7775000;29289000
USD000000TOD;15;20161214;143000;60.7850000;60.9250000;60.7775000;60.9075000;59030000
USD000000TOD;15;20161214;144500;60.9050000;60.9400000;60.8625000;60.8875000;43615000
USD000000TOD;15;20161214;150000;60.8900000;60.9075000;60.8600000;60.8975000;38147000
USD000000TOD;15;20161214;151500;60.8975000;60.9050000;60.8725000;60.8975000;20914000
USD000000TOD;15;20161214;153000;60.9000000;60.9200000;60.8925000;60.8925000;33212000
USD000000TOD;15;20161214;154500;60.9000000;60.9150000;60.8750000;60.9000000;30025000
USD000000TOD;15;20161214;160000;60.9000000;61.1000000;60.8975000;61.0750000;66845000
USD000000TOD;15;20161214;161500;61.0825000;61.2475000;61.0775000;61.1875000;106666000
USD000000TOD;15;20161214;163000;61.1775000;61.1825000;61.1250000;61.1750000;39747000
USD000000TOD;15;20161214;164500;61.1750000;61.2250000;61.1075000;61.1650000;33020000
USD000000TOD;15;20161214;170000;61.1650000;61.1900000;61.1200000;61.1500000;34080000
USD000000TOD;15;20161214;171500;61.1700000;61.1700000;61.0775000;61.1200000;9988000
USD000000TOD;15;20161215;101500;61.8375000;61.9800000;61.4825000;61.6075000;246446000
USD000000TOD;15;20161215;103000;61.6050000;61.7300000;61.4700000;61.6350000;279090000
USD000000TOD;15;20161215;104500;61.6375000;61.6700000;61.4775000;61.5975000;257994000
USD000000TOD;15;20161215;110000;61.5900000;61.7050000;61.5900000;61.6425000;126289000
USD000000TOD;15;20161215;111500;61.6350000;61.6750000;61.5750000;61.6150000;119615000
USD000000TOD;15;20161215;113000;61.6225000;61.6675000;61.5825000;61.6000000;207522000
USD000000TOD;15;20161215;114500;61.6025000;61.7200000;61.5875000;61.6325000;129468000
USD000000TOD;15;20161215;120000;61.6325000;61.6950000;61.6300000;61.6350000;62262000
USD000000TOD;15;20161215;121500;61.6425000;61.6900000;61.6250000;61.6300000;75487000
USD000000TOD;15;20161215;123000;61.6225000;61.6725000;61.5725000;61.5775000;196754000
USD000000TOD;15;20161215;124500;61.5800000;61.6300000;61.5400000;61.5525000;158423000
USD000000TOD;15;20161215;130000;61.5425000;61.6025000;61.4975000;61.5675000;46382000
USD000000TOD;15;20161215;131500;61.5725000;61.5925000;61.3475000;61.3475000;146788000
USD000000TOD;15;20161215;133000;61.3475000;61.4900000;61.3075000;61.4900000;84665000
USD000000TOD;15;20161215;134500;61.4775000;61.6350000;61.4775000;61.5700000;196255000
USD000000TOD;15;20161215;140000;61.5675000;61.6000000;61.5400000;61.5750000;75440000
USD000000TOD;15;20161215;141500;61.5750000;61.6375000;61.5600000;61.5875000;68342000
USD000000TOD;15;20161215;143000;61.5700000;61.6625000;61.5700000;61.6600000;84894000
USD000000TOD;15;20161215;144500;61.6575000;61.7800000;61.6575000;61.7275000;89943000
USD000000TOD;15;20161215;150000;61.7275000;61.7525000;61.7025000;61.7200000;46601000
USD000000TOD;15;20161215;151500;61.7225000;61.7225000;61.5325000;61.5375000;41362000
USD000000TOD;15;20161215;153000;61.5400000;61.6100000;61.5400000;61.6075000;26515000
USD000000TOD;15;20161215;154500;61.6075000;61.7300000;61.6075000;61.6725000;33200000
USD000000TOD;15;20161215;160000;61.6725000;61.7100000;61.6100000;61.7100000;31667000
USD000000TOD;15;20161215;161500;61.7000000;61.8200000;61.6950000;61.7925000;78838000
USD000000TOD;15;20161215;163000;61.7875000;61.9350000;61.7700000;61.8350000;38302000
USD000000TOD;15;20161215;164500;61.8400000;62.0000000;61.7700000;61.9575000;41441000
USD000000TOD;15;20161215;170000;61.9625000;62.0700000;61.9325000;62.0025000;19575000
USD000000TOD;15;20161215;171500;61.9925000;62.0075000;61.7200000;61.7550000;26333000
USD000000TOD;15;20161216;101500;61.8350000;61.8450000;61.6825000;61.7500000;98803000
USD000000TOD;15;20161216;103000;61.7525000;61.8425000;61.7500000;61.8000000;78336000
USD000000TOD;15;20161216;104500;61.8000000;61.8150000;61.7750000;61.7975000;32176000
USD000000TOD;15;20161216;110000;61.7950000;61.8200000;61.7325000;61.7450000;51510000
USD000000TOD;15;20161216;111500;61.7400000;61.7450000;61.6000000;61.6400000;87446000
USD000000TOD;15;20161216;113000;61.6350000;61.6350000;61.4850000;61.5500000;71984000
USD000000TOD;15;20161216;114500;61.5475000;61.6200000;61.5125000;61.6025000;24562000
USD000000TOD;15;20161216;120000;61.6025000;61.6375000;61.5825000;61.6100000;24644000
USD000000TOD;15;20161216;121500;61.6000000;61.6800000;61.5575000;61.6325000;38498000
USD000000TOD;15;20161216;123000;61.6375000;61.6900000;61.5975000;61.6375000;36964000
USD000000TOD;15;20161216;124500;61.6325000;61.7000000;61.6325000;61.6600000;24875000
USD000000TOD;15;20161216;130000;61.6625000;61.6850000;61.6075000;61.6275000;27626000
USD000000TOD;15;20161216;131500;61.6200000;61.6600000;61.5675000;61.6225000;34352000
USD000000TOD;15;20161216;133000;61.6225000;61.6325000;61.5600000;61.5800000;28818000
USD000000TOD;15;20161216;134500;61.5800000;61.6875000;61.5400000;61.6000000;32059000
USD000000TOD;15;20161216;140000;61.5950000;61.7050000;61.5900000;61.6600000;34644000
USD000000TOD;15;20161216;141500;61.6650000;61.6725000;61.6100000;61.6100000;17772000
USD000000TOD;15;20161216;143000;61.6100000;61.6275000;61.5325000;61.5800000;31934000
USD000000TOD;15;20161216;144500;61.5850000;61.6200000;61.5850000;61.6175000;15656000
USD000000TOD;15;20161216;150000;61.6075000;61.6175000;61.5450000;61.5500000;23654000
USD000000TOD;15;20161216;151500;61.5525000;61.5575000;61.4050000;61.4500000;38856000
USD000000TOD;15;20161216;153000;61.4600000;61.5700000;61.4400000;61.5125000;33483000
USD000000TOD;15;20161216;154500;61.5225000;61.5800000;61.4800000;61.5350000;26257000
USD000000TOD;15;20161216;160000;61.5425000;61.5850000;61.5175000;61.5725000;7909000
USD000000TOD;15;20161216;161500;61.5625000;61.5700000;61.5050000;61.5600000;12442000
USD000000TOD;15;20161216;163000;61.5600000;61.6400000;61.5300000;61.6300000;7370000
USD000000TOD;15;20161216;164500;61.6175000;61.6175000;61.5000000;61.5100000;16234000
USD000000TOD;15;20161216;170000;61.5175000;61.5600000;61.4650000;61.5100000;22705000
USD000000TOD;15;20161216;171500;61.5100000;61.5850000;61.4725000;61.4800000;35152000
USD000000TOD;15;20161219;101500;61.8350000;61.9475000;61.7850000;61.8025000;74621000
USD000000TOD;15;20161219;103000;61.7975000;61.8325000;61.7600000;61.7700000;86445000
USD000000TOD;15;20161219;104500;61.7600000;61.7875000;61.6900000;61.7875000;60431000
USD000000TOD;15;20161219;110000;61.7775000;61.8125000;61.7150000;61.7400000;62051000
USD000000TOD;15;20161219;111500;61.7425000;61.8050000;61.7150000;61.7425000;53681000
USD000000TOD;15;20161219;113000;61.7550000;61.7800000;61.7025000;61.7675000;12650000
USD000000TOD;15;20161219;114500;61.7575000;61.7950000;61.7325000;61.7875000;24183000
USD000000TOD;15;20161219;120000;61.7875000;61.8050000;61.7400000;61.7750000;27681000
USD000000TOD;15;20161219;121500;61.7650000;61.7775000;61.7450000;61.7650000;17879000
USD000000TOD;15;20161219;123000;61.7650000;61.7725000;61.6800000;61.7025000;43969000
USD000000TOD;15;20161219;124500;61.7100000;61.7200000;61.6600000;61.6700000;25820000
USD000000TOD;15;20161219;130000;61.6700000;61.7200000;61.6450000;61.6950000;30792000
USD000000TOD;15;20161219;131500;61.7025000;61.7700000;61.6925000;61.7600000;67433000
USD000000TOD;15;20161219;133000;61.7650000;61.7850000;61.7450000;61.7775000;50749000
USD000000TOD;15;20161219;134500;61.7775000;61.7875000;61.7700000;61.7750000;16294000
USD000000TOD;15;20161219;140000;61.7750000;61.7800000;61.7500000;61.7725000;12852000
USD000000TOD;15;20161219;141500;61.7775000;61.8075000;61.7475000;61.7600000;39696000
USD000000TOD;15;20161219;143000;61.7575000;61.7725000;61.7400000;61.7500000;15810000
USD000000TOD;15;20161219;144500;61.7575000;61.8250000;61.7550000;61.8200000;29482000
USD000000TOD;15;20161219;150000;61.8200000;61.8725000;61.8125000;61.8475000;37055000
USD000000TOD;15;20161219;151500;61.8375000;61.8600000;61.8100000;61.8450000;18909000
USD000000TOD;15;20161219;153000;61.8450000;61.9325000;61.8300000;61.9250000;29008000
USD000000TOD;15;20161219;154500;61.9275000;61.9875000;61.9000000;61.9075000;34158000
USD000000TOD;15;20161219;160000;61.9100000;61.9200000;61.8400000;61.8625000;24177000
USD000000TOD;15;20161219;161500;61.8500000;61.8950000;61.8250000;61.8875000;20306000
USD000000TOD;15;20161219;163000;61.8875000;61.8900000;61.8600000;61.8800000;14445000
USD000000TOD;15;20161219;164500;61.8800000;61.9550000;61.8750000;61.9350000;30021000
USD000000TOD;15;20161219;170000;61.9350000;61.9675000;61.8700000;61.8800000;10631000
USD000000TOD;15;20161219;171500;61.8850000;61.9000000;61.8525000;61.8525000;11298000
USD000000TOD;15;20161220;101500;61.9825000;62.0500000;61.8000000;61.8400000;75952000
USD000000TOD;15;20161220;103000;61.8275000;61.8325000;61.6925000;61.8100000;88318000
USD000000TOD;15;20161220;104500;61.8125000;61.8200000;61.7600000;61.7600000;38677000
USD000000TOD;15;20161220;110000;61.7650000;61.7725000;61.7275000;61.7350000;16438000
USD000000TOD;15;20161220;111500;61.7425000;61.7425000;61.6525000;61.7050000;57488000
USD000000TOD;15;20161220;113000;61.7175000;61.7525000;61.6975000;61.7450000;20175000
USD000000TOD;15;20161220;114500;61.7425000;61.7425000;61.6500000;61.6800000;33276000
USD000000TOD;15;20161220;120000;61.6850000;61.7725000;61.6725000;61.7550000;37303000
USD000000TOD;15;20161220;121500;61.7500000;61.7550000;61.7150000;61.7200000;25258000
USD000000TOD;15;20161220;123000;61.7275000;61.7925000;61.7275000;61.7800000;116953000
USD000000TOD;15;20161220;124500;61.7850000;61.7850000;61.7150000;61.7275000;28334000
USD000000TOD;15;20161220;130000;61.7200000;61.7350000;61.6600000;61.6700000;49641000
USD000000TOD;15;20161220;131500;61.6675000;61.7050000;61.6300000;61.6650000;35138000
USD000000TOD;15;20161220;133000;61.6625000;61.7000000;61.6500000;61.6800000;21565000
USD000000TOD;15;20161220;134500;61.6800000;61.6900000;61.6550000;61.6675000;17659000
USD000000TOD;15;20161220;140000;61.6775000;61.6900000;61.6100000;61.6275000;18423000
USD000000TOD;15;20161220;141500;61.6200000;61.6375000;61.5450000;61.5625000;46811000
USD000000TOD;15;20161220;143000;61.5575000;61.5650000;61.5125000;61.5600000;40537000
USD000000TOD;15;20161220;144500;61.5525000;61.5925000;61.5475000;61.5775000;26443000
USD000000TOD;15;20161220;150000;61.5775000;61.6675000;61.5700000;61.6375000;33857000
USD000000TOD;15;20161220;151500;61.6425000;61.6950000;61.6000000;61.6900000;56780000
USD000000TOD;15;20161220;153000;61.6925000;61.7025000;61.6725000;61.6925000;31067000
USD000000TOD;15;20161220;154500;61.6975000;61.7050000;61.6550000;61.6975000;23950000
USD000000TOD;15;20161220;160000;61.6950000;61.6950000;61.6375000;61.6700000;17217000
USD000000TOD;15;20161220;161500;61.6675000;61.6925000;61.6125000;61.6250000;28853000
USD000000TOD;15;20161220;163000;61.6150000;61.6875000;61.5925000;61.6625000;60292000
USD000000TOD;15;20161220;164500;61.6650000;61.6775000;61.6250000;61.6525000;14080000
USD000000TOD;15;20161220;170000;61.6525000;61.6625000;61.5800000;61.5875000;18686000
USD000000TOD;15;20161220;171500;61.5800000;61.5925000;61.4225000;61.4600000;30250000
USD000000TOD;15;20161221;101500;61.2500000;61.2500000;61.0200000;61.1200000;94395000
USD000000TOD;15;20161221;103000;61.1200000;61.1225000;61.0550000;61.0825000;69771000
USD000000TOD;15;20161221;104500;61.0850000;61.1075000;61.0500000;61.0900000;46548000
USD000000TOD;15;20161221;110000;61.0875000;61.1275000;61.0800000;61.1250000;67339000
USD000000TOD;15;20161221;111500;61.1250000;61.1275000;61.0800000;61.0950000;57459000
USD000000TOD;15;20161221;113000;61.0950000;61.1025000;61.0300000;61.0400000;40676000
USD000000TOD;15;20161221;114500;61.0350000;61.0675000;61.0225000;61.0400000;40783000
USD000000TOD;15;20161221;120000;61.0325000;61.1050000;61.0225000;61.0825000;78294000
USD000000TOD;15;20161221;121500;61.0925000;61.1100000;61.0775000;61.0850000;26067000
USD000000TOD;15;20161221;123000;61.0825000;61.1050000;61.0600000;61.1000000;68232000
USD000000TOD;15;20161221;124500;61.1025000;61.1075000;61.0800000;61.0875000;22213000
USD000000TOD;15;20161221;130000;61.0850000;61.0975000;61.0775000;61.0875000;23532000
USD000000TOD;15;20161221;131500;61.0875000;61.1075000;61.0850000;61.0875000;16209000
USD000000TOD;15;20161221;133000;61.0975000;61.0975000;61.0575000;61.0625000;20303000
USD000000TOD;15;20161221;134500;61.0700000;61.1050000;61.0600000;61.0900000;32537000
USD000000TOD;15;20161221;140000;61.0950000;61.0975000;61.0475000;61.0725000;31063000
USD000000TOD;15;20161221;141500;61.0800000;61.0875000;61.0500000;61.0675000;18023000
USD000000TOD;15;20161221;143000;61.0550000;61.0700000;61.0375000;61.0600000;28358000
USD000000TOD;15;20161221;144500;61.0575000;61.0675000;61.0500000;61.0575000;17023000
USD000000TOD;15;20161221;150000;61.0600000;61.0650000;60.9675000;60.9950000;33909000
USD000000TOD;15;20161221;151500;60.9900000;61.0275000;60.9600000;61.0075000;28955000
USD000000TOD;15;20161221;153000;61.0125000;61.0450000;60.9400000;60.9700000;60198000
USD000000TOD;15;20161221;154500;60.9675000;61.0000000;60.9625000;60.9825000;12395000
USD000000TOD;15;20161221;160000;60.9900000;61.0675000;60.9775000;61.0550000;19010000
USD000000TOD;15;20161221;161500;61.0450000;61.0900000;61.0325000;61.0775000;20885000
USD000000TOD;15;20161221;163000;61.0825000;61.1000000;61.0475000;61.0800000;8746000
USD000000TOD;15;20161221;164500;61.0800000;61.0950000;61.0300000;61.0500000;12835000
USD000000TOD;15;20161221;170000;61.0525000;61.0725000;60.9525000;60.9675000;17852000
USD000000TOD;15;20161221;171500;60.9650000;61.0200000;60.9500000;60.9825000;33391000
USD000000TOD;15;20161222;101500;61.0500000;61.0700000;60.8750000;60.9275000;100510000
USD000000TOD;15;20161222;103000;60.9175000;60.9400000;60.8825000;60.9150000;65505000
USD000000TOD;15;20161222;104500;60.9200000;60.9375000;60.7650000;60.7775000;117676000
USD000000TOD;15;20161222;110000;60.7700000;60.8200000;60.7425000;60.7800000;64524000
USD000000TOD;15;20161222;111500;60.7925000;60.8700000;60.7525000;60.8075000;92867000
USD000000TOD;15;20161222;113000;60.8000000;60.8775000;60.7925000;60.8650000;86832000
USD000000TOD;15;20161222;114500;60.8650000;60.9275000;60.8550000;60.8725000;41906000
USD000000TOD;15;20161222;120000;60.8750000;60.9075000;60.8700000;60.8975000;26446000
USD000000TOD;15;20161222;121500;60.9000000;60.9075000;60.8600000;60.8675000;88665000
USD000000TOD;15;20161222;123000;60.8675000;60.9050000;60.7675000;60.8150000;112539000
USD000000TOD;15;20161222;124500;60.8150000;60.8500000;60.7500000;60.7625000;52577000
USD000000TOD;15;20161222;130000;60.7550000;60.8175000;60.7250000;60.8075000;58879000
USD000000TOD;15;20161222;131500;60.8100000;60.8450000;60.7950000;60.8300000;36721000
USD000000TOD;15;20161222;133000;60.8300000;60.8300000;60.7350000;60.7925000;31331000
USD000000TOD;15;20161222;134500;60.7975000;60.8550000;60.7925000;60.8225000;41125000
USD000000TOD;15;20161222;140000;60.8225000;60.8575000;60.8050000;60.8575000;27684000
USD000000TOD;15;20161222;141500;60.8550000;60.8900000;60.8400000;60.8625000;25334000
USD000000TOD;15;20161222;143000;60.8575000;60.8850000;60.8400000;60.8750000;16571000
USD000000TOD;15;20161222;144500;60.8825000;60.9050000;60.8625000;60.9025000;18327000
USD000000TOD;15;20161222;150000;60.9050000;60.9050000;60.8600000;60.8625000;17380000
USD000000TOD;15;20161222;151500;60.8575000;60.9050000;60.8575000;60.8950000;34586000
USD000000TOD;15;20161222;153000;60.8975000;60.9425000;60.8850000;60.9250000;27810000
USD000000TOD;15;20161222;154500;60.9250000;61.0300000;60.9225000;60.9700000;38406000
USD000000TOD;15;20161222;160000;60.9800000;61.0900000;60.9775000;61.0800000;36636000
USD000000TOD;15;20161222;161500;61.0800000;61.0975000;60.9800000;61.0300000;61705000
USD000000TOD;15;20161222;163000;61.0200000;61.0250000;60.8900000;60.9075000;39534000
USD000000TOD;15;20161222;164500;60.9325000;61.0100000;60.8750000;61.0050000;24374000
USD000000TOD;15;20161222;170000;61.0075000;61.0450000;60.9475000;60.9700000;31899000
USD000000TOD;15;20161222;171500;60.9525000;60.9650000;60.7525000;60.8025000;38683000
USD000000TOD;15;20161223;101500;60.9200000;60.9950000;60.8000000;60.8325000;96405000
USD000000TOD;15;20161223;103000;60.8325000;60.8575000;60.7275000;60.7400000;106562000
USD000000TOD;15;20161223;104500;60.7375000;60.7975000;60.7200000;60.7600000;63542000
USD000000TOD;15;20161223;110000;60.7600000;60.8275000;60.7500000;60.8100000;119762000
USD000000TOD;15;20161223;111500;60.8100000;60.8200000;60.7875000;60.8025000;42382000
USD000000TOD;15;20161223;113000;60.8025000;60.8500000;60.7900000;60.8500000;89085000
USD000000TOD;15;20161223;114500;60.8475000;60.8750000;60.8300000;60.8425000;70691000
USD000000TOD;15;20161223;120000;60.8425000;60.8600000;60.8325000;60.8425000;38898000
USD000000TOD;15;20161223;121500;60.8400000;60.8700000;60.8300000;60.8700000;29231000
USD000000TOD;15;20161223;123000;60.8700000;60.9650000;60.8525000;60.9450000;127289000
USD000000TOD;15;20161223;124500;60.9450000;60.9675000;60.9050000;60.9150000;37911000
USD000000TOD;15;20161223;130000;60.9200000;61.0000000;60.9150000;60.9575000;45523000
USD000000TOD;15;20161223;131500;60.9575000;60.9700000;60.9250000;60.9575000;33383000
USD000000TOD;15;20161223;133000;60.9625000;60.9950000;60.9200000;60.9425000;27089000
USD000000TOD;15;20161223;134500;60.9350000;60.9900000;60.9350000;60.9825000;21164000
USD000000TOD;15;20161223;140000;60.9750000;61.0375000;60.9650000;61.0350000;50220000
USD000000TOD;15;20161223;141500;61.0300000;61.0700000;61.0000000;61.0125000;51218000
USD000000TOD;15;20161223;143000;61.0150000;61.0575000;61.0075000;61.0500000;24273000
USD000000TOD;15;20161223;144500;61.0500000;61.0575000;61.0125000;61.0150000;14668000
USD000000TOD;15;20161223;150000;61.0275000;61.0300000;60.9675000;61.0050000;27910000
USD000000TOD;15;20161223;151500;61.0100000;61.0475000;60.9725000;61.0300000;31172000
USD000000TOD;15;20161223;153000;61.0300000;61.0700000;61.0125000;61.0675000;32200000
USD000000TOD;15;20161223;154500;61.0700000;61.1300000;61.0700000;61.1100000;50315000
USD000000TOD;15;20161223;160000;61.1050000;61.1100000;61.0625000;61.0850000;16218000
USD000000TOD;15;20161223;161500;61.0850000;61.2325000;61.0775000;61.2175000;68300000
USD000000TOD;15;20161223;163000;61.2200000;61.2925000;61.1850000;61.2050000;46925000
USD000000TOD;15;20161223;164500;61.2150000;61.3200000;61.2150000;61.2700000;33186000
USD000000TOD;15;20161223;170000;61.2750000;61.3150000;61.2000000;61.2075000;29576000
USD000000TOD;15;20161223;171500;61.2100000;61.3000000;61.1800000;61.1800000;11110000
USD000000TOD;15;20161227;101500;60.9500000;60.9575000;60.8100000;60.8575000;89936000
USD000000TOD;15;20161227;103000;60.8600000;60.8950000;60.8475000;60.8750000;55014000
USD000000TOD;15;20161227;104500;60.8800000;60.9125000;60.8650000;60.8675000;88362000
USD000000TOD;15;20161227;110000;60.8675000;60.8850000;60.8075000;60.8375000;140982000
USD000000TOD;15;20161227;111500;60.8325000;60.8350000;60.7425000;60.7725000;119864000
USD000000TOD;15;20161227;113000;60.7650000;60.7900000;60.7375000;60.7800000;53308000
USD000000TOD;15;20161227;114500;60.7775000;60.8100000;60.7650000;60.7900000;64167000
USD000000TOD;15;20161227;120000;60.7950000;60.8450000;60.7900000;60.8350000;42340000
USD000000TOD;15;20161227;121500;60.8350000;60.8450000;60.8050000;60.8225000;41257000
USD000000TOD;15;20161227;123000;60.8175000;60.8625000;60.8125000;60.8400000;28670000
USD000000TOD;15;20161227;124500;60.8400000;60.8600000;60.8000000;60.8175000;24947000
USD000000TOD;15;20161227;130000;60.8175000;60.8375000;60.7900000;60.8300000;29660000
USD000000TOD;15;20161227;131500;60.8350000;60.8475000;60.8175000;60.8375000;17358000
USD000000TOD;15;20161227;133000;60.8300000;60.8550000;60.8150000;60.8350000;46998000
USD000000TOD;15;20161227;134500;60.8350000;60.8375000;60.8000000;60.8125000;34319000
USD000000TOD;15;20161227;140000;60.8125000;60.8400000;60.8000000;60.8075000;26787000
USD000000TOD;15;20161227;141500;60.8125000;60.8425000;60.8100000;60.8150000;25269000
USD000000TOD;15;20161227;143000;60.8200000;60.8350000;60.8100000;60.8200000;27454000
USD000000TOD;15;20161227;144500;60.8200000;60.8275000;60.8125000;60.8225000;28321000
USD000000TOD;15;20161227;150000;60.8275000;60.8275000;60.7700000;60.7975000;17303000
USD000000TOD;15;20161227;151500;60.7900000;60.8075000;60.7800000;60.7875000;26008000
USD000000TOD;15;20161227;153000;60.7875000;60.7925000;60.7600000;60.7850000;55400000
USD000000TOD;15;20161227;154500;60.7775000;60.7900000;60.6925000;60.6950000;31063000
USD000000TOD;15;20161227;160000;60.6975000;60.7550000;60.6700000;60.7500000;27351000
USD000000TOD;15;20161227;161500;60.7475000;60.7500000;60.7150000;60.7350000;12541000
USD000000TOD;15;20161227;163000;60.7250000;60.7300000;60.7025000;60.7100000;13740000
USD000000TOD;15;20161227;164500;60.7050000;60.7375000;60.6700000;60.6825000;31794000
USD000000TOD;15;20161227;170000;60.6700000;60.7150000;60.6250000;60.6475000;33300000
USD000000TOD;15;20161227;171500;60.6450000;60.6550000;60.5900000;60.5900000;22433000
USD000000TOD;15;20161228;101500;60.5425000;60.7050000;60.5425000;60.6950000;56246000
USD000000TOD;15;20161228;103000;60.6950000;60.7350000;60.6475000;60.6525000;62082000
USD000000TOD;15;20161228;104500;60.6450000;60.6650000;60.5975000;60.6400000;68286000
USD000000TOD;15;20161228;110000;60.6400000;60.6875000;60.6300000;60.6675000;102903000
USD000000TOD;15;20161228;111500;60.6600000;60.6750000;60.6300000;60.6300000;53463000
USD000000TOD;15;20161228;113000;60.6375000;60.6400000;60.5900000;60.6200000;85006000
USD000000TOD;15;20161228;114500;60.6200000;60.6200000;60.5675000;60.5800000;67031000
USD000000TOD;15;20161228;120000;60.5800000;60.6375000;60.5700000;60.6075000;67660000
USD000000TOD;15;20161228;121500;60.6000000;60.6125000;60.5300000;60.5550000;37984000
USD000000TOD;15;20161228;123000;60.5450000;60.6050000;60.5450000;60.5825000;59775000
USD000000TOD;15;20161228;124500;60.5850000;60.5950000;60.5275000;60.5500000;52495000
USD000000TOD;15;20161228;130000;60.5500000;60.6000000;60.5150000;60.5725000;56101000
USD000000TOD;15;20161228;131500;60.5650000;60.6000000;60.5550000;60.5650000;45044000
USD000000TOD;15;20161228;133000;60.5675000;60.6000000;60.5525000;60.5525000;29170000
USD000000TOD;15;20161228;134500;60.5575000;60.5850000;60.5475000;60.5700000;69544000
USD000000TOD;15;20161228;140000;60.5750000;60.5875000;60.5375000;60.5775000;72937000
USD000000TOD;15;20161228;141500;60.5775000;60.5875000;60.5500000;60.5825000;56756000
USD000000TOD;15;20161228;143000;60.5800000;60.5875000;60.5300000;60.5450000;41353000
USD000000TOD;15;20161228;144500;60.5425000;60.5700000;60.5325000;60.5600000;23962000
USD000000TOD;15;20161228;150000;60.5600000;60.5775000;60.5500000;60.5600000;20107000
USD000000TOD;15;20161228;151500;60.5550000;60.5750000;60.5525000;60.5675000;46364000
USD000000TOD;15;20161228;153000;60.5700000;60.5825000;60.5575000;60.5575000;18364000
USD000000TOD;15;20161228;154500;60.5600000;60.5775000;60.5550000;60.5625000;32956000
USD000000TOD;15;20161228;160000;60.5650000;60.5700000;60.5450000;60.5525000;37218000
USD000000TOD;15;20161228;161500;60.5575000;60.5650000;60.5325000;60.5525000;34712000
USD000000TOD;15;20161228;163000;60.5550000;60.5675000;60.5400000;60.5600000;23716000
USD000000TOD;15;20161228;164500;60.5650000;60.6100000;60.5600000;60.6100000;61439000
USD000000TOD;15;20161228;170000;60.6100000;60.6125000;60.5350000;60.5550000;18079000
USD000000TOD;15;20161228;171500;60.5525000;60.5775000;60.5475000;60.5600000;30398000
USD000000TOD;15;20161229;101500;60.3600000;60.3850000;60.1700000;60.2475000;120234000
USD000000TOD;15;20161229;103000;60.2475000;60.2800000;60.2200000;60.2600000;119821000
USD000000TOD;15;20161229;104500;60.2575000;60.2800000;60.2200000;60.2625000;99969000
USD000000TOD;15;20161229;110000;60.2575000;60.3175000;60.2450000;60.3000000;66194000
USD000000TOD;15;20161229;111500;60.2925000;60.3075000;60.2425000;60.2700000;72476000
USD000000TOD;15;20161229;113000;60.2700000;60.2850000;60.2500000;60.2700000;42056000
USD000000TOD;15;20161229;114500;60.2700000;60.2950000;60.2575000;60.2775000;103134000
USD000000TOD;15;20161229;120000;60.2775000;60.2800000;60.2425000;60.2475000;52638000
USD000000TOD;15;20161229;121500;60.2525000;60.2600000;60.2350000;60.2475000;51272000
USD000000TOD;15;20161229;123000;60.2550000;60.2575000;60.0950000;60.1450000;96784000
USD000000TOD;15;20161229;124500;60.1425000;60.2000000;60.1325000;60.1750000;61526000
USD000000TOD;15;20161229;130000;60.1750000;60.1775000;60.1125000;60.1550000;36608000
USD000000TOD;15;20161229;131500;60.1575000;60.1750000;60.1225000;60.1425000;41824000
USD000000TOD;15;20161229;133000;60.1500000;60.1600000;60.1025000;60.1400000;41861000
USD000000TOD;15;20161229;134500;60.1450000;60.2075000;60.1375000;60.2075000;97095000
USD000000TOD;15;20161229;140000;60.2100000;60.2225000;60.1825000;60.2075000;67474000
USD000000TOD;15;20161229;141500;60.2075000;60.2375000;60.1875000;60.1975000;44325000
USD000000TOD;15;20161229;143000;60.1975000;60.2675000;60.1850000;60.2525000;54447000
USD000000TOD;15;20161229;144500;60.2550000;60.3000000;60.2325000;60.3000000;63936000
USD000000TOD;15;20161229;150000;60.3000000;60.3175000;60.2500000;60.2575000;55328000
USD000000TOD;15;20161229;151500;60.2600000;60.3800000;60.2125000;60.3750000;144920000
USD000000TOD;15;20161229;153000;60.3750000;60.4500000;60.3675000;60.4125000;67696000
USD000000TOD;15;20161229;154500;60.4125000;60.4650000;60.3625000;60.3950000;96695000
USD000000TOD;15;20161229;160000;60.4050000;60.4675000;60.4050000;60.4400000;50102000
USD000000TOD;15;20161229;161500;60.4500000;60.5000000;60.4250000;60.5000000;49952000
USD000000TOD;15;20161229;163000;60.5000000;60.5175000;60.4625000;60.5050000;48231000
USD000000TOD;15;20161229;164500;60.5175000;60.7000000;60.5175000;60.6400000;88814000
USD000000TOD;15;20161229;170000;60.6475000;60.6625000;60.5475000;60.5525000;33939000
USD000000TOD;15;20161229;171500;60.5650000;60.6125000;60.5000000;60.5600000;18385000
USD000000TOD;15;20161230;101500;60.3900000;60.5000000;60.2100000;60.4725000;123169000
USD000000TOD;15;20161230;103000;60.4700000;60.6200000;60.4575000;60.5375000;177261000
USD000000TOD;15;20161230;104500;60.5400000;60.5400000;60.4500000;60.4525000;91424000
USD000000TOD;15;20161230;110000;60.4525000;60.5775000;60.4300000;60.5475000;114898000
USD000000TOD;15;20161230;111500;60.5475000;60.5800000;60.5400000;60.5800000;40155000
USD000000TOD;15;20161230;113000;60.5775000;60.5950000;60.5475000;60.5925000;125836000
USD000000TOD;15;20161230;114500;60.5900000;60.8300000;60.5900000;60.7950000;134978000
USD000000TOD;15;20161230;120000;60.8000000;60.8275000;60.7550000;60.8225000;59147000
USD000000TOD;15;20161230;121500;60.8200000;60.9900000;60.7950000;60.9600000;77580000
USD000000TOD;15;20161230;123000;60.9625000;61.0725000;60.9625000;61.0500000;99825000
USD000000TOD;15;20161230;124500;61.0600000;61.4850000;61.0600000;61.4050000;93648000
USD000000TOD;15;20161230;130000;61.4050000;61.4200000;61.2650000;61.3075000;111770000
USD000000TOD;15;20161230;131500;61.3100000;61.4625000;61.3000000;61.4500000;73668000
USD000000TOD;15;20161230;133000;61.4500000;61.4600000;61.3925000;61.4250000;23928000
USD000000TOD;15;20161230;134500;61.4200000;61.4650000;61.3975000;61.4275000;85298000
USD000000TOD;15;20161230;140000;61.4400000;61.5375000;61.3975000;61.4325000;78170000
USD000000TOD;15;20161230;141500;61.4450000;61.4800000;61.2725000;61.2950000;66232000
USD000000TOD;15;20161230;143000;61.2825000;61.3125000;61.1450000;61.1525000;64569000
USD000000TOD;15;20161230;144500;61.1550000;61.1775000;61.1025000;61.1575000;34075000
USD000000TOD;15;20161230;150000;61.1525000;61.1700000;61.1025000;61.1325000;16943000
USD000000TOD;15;20161230;151500;61.1325000;61.2600000;61.1325000;61.1800000;25030000
USD000000TOD;15;20161230;153000;61.1750000;61.1850000;60.8500000;61.0275000;48629000
USD000000TOD;15;20161230;154500;61.0275000;61.0725000;60.9025000;60.9300000;7697000
USD000000TOD;15;20161230;160000;60.9475000;60.9575000;60.8575000;60.9450000;9974000
USD000000TOD;15;20161230;161500;60.9350000;60.9500000;60.8500000;60.8500000;40976000
USD000000TOD;15;20161230;163000;60.8600000;60.9875000;60.8275000;60.9350000;45875000
USD000000TOD;15;20161230;164500;60.9400000;61.0475000;60.8875000;60.9425000;41252000
USD000000TOD;15;20161230;170000;60.9475000;60.9550000;60.8625000;60.9050000;6689000
USD000000TOD;15;20161230;171500;60.9075000;60.9975000;60.8075000;60.9675000;18050000
